U-Net 448
+-------------+--------------+------------+-------------+------------+-------------+--------+
| 400003.3750 | 120706.7500  | 1630.3044  | 15571.7422  | 3991.1770  | 60893.5195  | 0.0000 |
+-------------+--------------+------------+-------------+------------+-------------+--------+
| 201237.1719 | 2826753.5000 | 20627.5684 | 234354.5312 | 23685.0371 | 163303.9844 | 0.0000 |
+-------------+--------------+------------+-------------+------------+-------------+--------+
| 67817.2188  | 309997.8125  | 9945.2676  | 75316.5391  | 7175.9170  | 53630.2500  | 0.0000 |
+-------------+--------------+------------+-------------+------------+-------------+--------+
| 20251.8574  | 277160.0625  | 17018.3477 | 338477.6250 | 29983.7910 | 19167.4883  | 0.0000 |
+-------------+--------------+------------+-------------+------------+-------------+--------+
| 10082.1982  |  59095.6016  | 4617.2983  |  7534.2607  | 76226.3828 |  5993.4438  | 0.0000 |
+-------------+--------------+------------+-------------+------------+-------------+--------+
| 48201.3516  | 270760.8750  | 1496.9812  | 22200.7070  | 1770.2141  | 182028.6406 | 0.0000 |
+-------------+--------------+------------+-------------+------------+-------------+--------+
|  408.5532   |  1320.7119   |   6.7515   |   33.9161   | 1497.9207  |  727.5778   | 0.0000 |
+-------------+--------------+------------+-------------+------------+-------------+--------+
SR S2P s=0
+-------------+--------------+------------+-------------+------------+-------------+--------+
| 467284.4062 |  91476.9531  | 4387.5371  | 12257.3701  |  435.9580  | 26954.6445  | 0.0000 |
+-------------+--------------+------------+-------------+------------+-------------+--------+
| 87451.4766  | 3131330.7500 | 13176.4121 | 125350.8359 | 11797.0146 | 100855.0469 | 0.0000 |
+-------------+--------------+------------+-------------+------------+-------------+--------+
| 60780.8750  | 308397.1875  | 15562.7451 | 73615.1797  | 4117.9814  | 61409.0391  | 0.0000 |
+-------------+--------------+------------+-------------+------------+-------------+--------+
|  6798.5352  |  69726.5391  | 3321.3511  | 583159.6250 | 4512.8428  | 34540.2930  | 0.0000 |
+-------------+--------------+------------+-------------+------------+-------------+--------+
|  5007.2549  |  60052.8438  | 2154.2725  |  5096.7627  | 85439.0781 |  5798.9736  | 0.0000 |
+-------------+--------------+------------+-------------+------------+-------------+--------+
| 46773.5859  | 134369.0938  | 2357.8147  | 22517.5566  | 8869.5752  | 311571.1562 | 0.0000 |
+-------------+--------------+------------+-------------+------------+-------------+--------+
|   36.8200   |  1447.6473   |   5.6157   |   37.2179   | 2459.2231  |   8.9070    | 0.0000 |
+-------------+--------------+------------+-------------+------------+-------------+--------+
SR S2P s=2
+-------------+--------------+------------+-------------+------------+-------------+--------+
| 454158.8438 | 100549.7891  | 3769.1980  | 16663.0215  | 1235.3723  | 26420.5996  | 0.0000 |
+-------------+--------------+------------+-------------+------------+-------------+--------+
| 88098.0000  | 3031970.2500 | 32693.0430 | 193779.4062 | 9772.7861  | 113648.0781 | 0.0000 |
+-------------+--------------+------------+-------------+------------+-------------+--------+
| 46942.8438  | 307198.3125  | 18688.5469 | 96810.5391  | 2541.4351  | 51701.3047  | 0.0000 |
+-------------+--------------+------------+-------------+------------+-------------+--------+
| 11900.3916  | 110925.3125  | 1470.9751  | 559652.3750 | 2206.2654  | 15903.7705  | 0.0000 |
+-------------+--------------+------------+-------------+------------+-------------+--------+
|  9374.5635  |  56934.1953  | 2098.8345  | 31427.6055  | 58075.5430 |  5638.4370  | 0.0000 |
+-------------+--------------+------------+-------------+------------+-------------+--------+
| 47148.2109  | 216262.7031  | 4136.5107  | 29834.8086  | 1691.3809  | 227385.1562 | 0.0000 |
+-------------+--------------+------------+-------------+------------+-------------+--------+
|  1378.7881  |  1396.3459   |  220.7088  |   35.1155   |  208.1761  |  756.2969   | 0.0000 |
+-------------+--------------+------------+-------------+------------+-------------+--------+
MRSO S2P s=m
+-------------+--------------+------------+-------------+------------+-------------+--------+
| 487043.0938 |  74132.8281  | 4794.4751  | 12347.0459  | 1877.3301  | 22602.0918  | 0.0000 |
+-------------+--------------+------------+-------------+------------+-------------+--------+
| 98449.8047  | 3140674.7500 | 22368.5078 | 130526.6250 | 9161.7168  | 68780.1484  | 0.0000 |
+-------------+--------------+------------+-------------+------------+-------------+--------+
| 64196.3008  | 314073.2500  | 20422.0312 | 73438.2266  | 3424.6919  | 48328.5430  | 0.0000 |
+-------------+--------------+------------+-------------+------------+-------------+--------+
| 11422.6924  |  92710.6484  | 5767.3311  | 566032.1250 | 4204.3779  | 21921.9375  | 0.0000 |
+-------------+--------------+------------+-------------+------------+-------------+--------+
|  5266.4072  |  62843.3125  | 4228.5293  |  3904.5664  | 82447.3672 |  4859.0098  | 0.0000 |
+-------------+--------------+------------+-------------+------------+-------------+--------+
| 52682.1172  | 182563.3281  | 5154.6533  | 27296.6133  | 3685.2527  | 255076.7969 | 0.0000 |
+-------------+--------------+------------+-------------+------------+-------------+--------+
|   66.6183   |  1436.0024   |  12.8249   |   32.0473   | 2364.1665  |   83.7717   | 0.0000 |
+-------------+--------------+------------+-------------+------------+-------------+--------+
MRMO S2P s=m
+-------------+--------------+------------+-------------+------------+-------------+--------+
| 473950.6562 |  75654.6719  | 9722.5039  | 11179.1309  |  355.5884  | 31934.3008  | 0.0000 |
+-------------+--------------+------------+-------------+------------+-------------+--------+
| 67774.7812  | 3125987.5000 | 45631.2266 | 118425.3984 | 5975.4233  | 106167.0469 | 0.0000 |
+-------------+--------------+------------+-------------+------------+-------------+--------+
| 47509.4922  | 288873.1875  | 53186.2695 | 72972.7812  | 2475.9417  | 58865.3516  | 0.0000 |
+-------------+--------------+------------+-------------+------------+-------------+--------+
|  5951.6084  |  81301.2500  | 8573.8311  | 578144.9375 | 1297.8367  | 26789.6504  | 0.0000 |
+-------------+--------------+------------+-------------+------------+-------------+--------+
|  4596.0557  |  59146.7695  | 5022.8354  |  5957.4585  | 83271.6406 |  5554.4219  | 0.0000 |
+-------------+--------------+------------+-------------+------------+-------------+--------+
| 31551.7617  | 143402.5469  | 8043.6392  | 20751.5098  | 3236.4304  | 319472.8750 | 0.0000 |
+-------------+--------------+------------+-------------+------------+-------------+--------+
|   31.1523   |  1896.0759   |   2.4571   |   43.9644   | 1816.3691  |  205.4124   | 0.0000 |
+-------------+--------------+------------+-------------+------------+-------------+--------+
