32_small
+---------+------------+-------------+------------+-------------+-------------+--------------+--------+--------+--------------+
| 13.9509 | 4019.8813  |  8346.2080  | 10916.4258 |  9257.5566  | 115602.0156 |  15094.2871  | 0.0000 | 0.0000 | 100493.4766  |
+---------+------------+-------------+------------+-------------+-------------+--------------+--------+--------+--------------+
| 0.0000  | 32702.6191 | 22218.0723  | 63437.9180 | 26152.9355  | 15499.4189  |  26534.9023  | 0.0000 | 0.0000 |  43347.2578  |
+---------+------------+-------------+------------+-------------+-------------+--------------+--------+--------+--------------+
| 97.4348 | 14363.6016 | 202121.3125 | 22344.4492 | 47857.6602  | 35670.7930  |  22437.8184  | 0.0000 | 0.0000 |  72490.5234  |
+---------+------------+-------------+------------+-------------+-------------+--------------+--------+--------+--------------+
| 0.0000  | 13237.0596 |  6520.9937  | 25923.2012 | 12160.4082  | 118807.2500 |  45923.4141  | 0.0000 | 0.0000 |  88591.1172  |
+---------+------------+-------------+------------+-------------+-------------+--------------+--------+--------+--------------+
| 23.1134 | 7554.2266  | 45810.9844  | 17939.0664 | 432592.3438 | 44412.9375  |  25151.7344  | 0.0000 | 0.0000 | 152989.0156  |
+---------+------------+-------------+------------+-------------+-------------+--------------+--------+--------+--------------+
| 20.9263 | 13269.7422 | 30097.6055  | 30404.2461 | 34672.2812  | 864047.0000 |  58527.9609  | 0.0000 | 0.0000 | 311949.6875  |
+---------+------------+-------------+------------+-------------+-------------+--------------+--------+--------+--------------+
| 0.0000  | 18265.9180 | 17008.2578  | 19133.0469 | 19943.4961  | 22516.4473  | 1309298.6250 | 0.0000 | 0.0000 | 789439.0625  |
+---------+------------+-------------+------------+-------------+-------------+--------------+--------+--------+--------------+
| 0.0000  | 3301.1934  |  6852.2646  | 2010.5759  |  2234.1685  |  835.8821   |  1953.5143   | 0.0000 | 0.0000 |  3149.9236   |
+---------+------------+-------------+------------+-------------+-------------+--------------+--------+--------+--------------+
| 0.0000  | 2260.5723  |  9918.8799  | 2155.7866  |  2037.2301  |  1024.4978  |  2193.0273   | 0.0000 | 0.0000 |  4034.5688   |
+---------+------------+-------------+------------+-------------+-------------+--------------+--------+--------+--------------+
| 21.3527 | 53291.3125 | 62703.0859  | 51899.1953 | 130922.4141 | 65418.8125  | 551613.1250  | 0.0000 | 0.0000 | 5858565.0000 |
+---------+------------+-------------+------------+-------------+-------------+--------------+--------+--------+--------------+
