s=0
+--------+------------+-------------+------------+-------------+-------------+--------------+--------+--------+--------------+
| 0.0000 | 1101.4598  |  8177.0601  | 11209.7324 |  7053.5356  | 114457.7031 |  18129.7227  | 0.0000 | 0.0000 | 103614.6016  |
+--------+------------+-------------+------------+-------------+-------------+--------------+--------+--------+--------------+
| 0.0000 | 19415.0449 |  9663.7568  | 91350.6250 |  3100.1741  |  7254.8257  |  43549.8672  | 0.0000 | 0.0000 |  55558.8242  |
+--------+------------+-------------+------------+-------------+-------------+--------------+--------+--------+--------------+
| 0.0000 | 2297.2031  | 208773.2812 | 19524.7871 | 30399.4102  |  9942.7139  |  64634.7930  | 0.0000 | 0.0000 |  81811.3984  |
+--------+------------+-------------+------------+-------------+-------------+--------------+--------+--------+--------------+
| 0.0000 | 4818.1963  |  2300.3728  | 40802.3398 |  5593.6650  | 79317.6719  |  73011.3125  | 0.0000 | 0.0000 | 105319.8906  |
+--------+------------+-------------+------------+-------------+-------------+--------------+--------+--------+--------------+
| 0.0000 | 1507.5938  | 42596.5898  | 5740.7432  | 314405.4375 | 41643.6250  |  42926.8320  | 0.0000 | 0.0000 | 277652.5938  |
+--------+------------+-------------+------------+-------------+-------------+--------------+--------+--------+--------------+
| 0.0000 | 3533.7031  | 24031.8926  | 38790.0625 | 11199.3906  | 836964.0000 |  63923.9961  | 0.0000 | 0.0000 | 364546.5000  |
+--------+------------+-------------+------------+-------------+-------------+--------------+--------+--------+--------------+
| 0.0000 | 5757.9844  | 24465.6367  | 54222.5547 | 23316.8906  | 21064.6445  | 1190857.2500 | 0.0000 | 0.0000 | 875919.9375  |
+--------+------------+-------------+------------+-------------+-------------+--------------+--------+--------+--------------+
| 0.0000 |  582.0714  |  5494.9443  | 3176.5513  |  2944.7456  |  227.1161   |  3161.9800   | 0.0000 | 0.0000 |  4750.1138   |
+--------+------------+-------------+------------+-------------+-------------+--------------+--------+--------+--------------+
| 0.0000 |  708.0469  |  5194.5244  | 3105.4753  |  173.6004   |  773.0000   |  4655.5869   | 0.0000 | 0.0000 |  9014.3281   |
+--------+------------+-------------+------------+-------------+-------------+--------------+--------+--------+--------------+
| 0.0000 | 15548.8750 | 73528.0469  | 73146.3516 | 143571.5000 | 92777.0078  | 498489.3438  | 0.0000 | 0.0000 | 5877373.5000 |
+--------+------------+-------------+------------+-------------+-------------+--------------+--------+--------+--------------+
s=1
+--------+------------+-------------+------------+-------------+-------------+--------------+--------+--------+--------------+
| 0.0000 | 3322.2947  |  9120.2139  | 10930.2881 |  4772.1650  | 122880.3203 |  21588.6504  | 0.0000 | 0.0000 |  91129.8750  |
+--------+------------+-------------+------------+-------------+-------------+--------------+--------+--------+--------------+
| 0.0000 | 40219.0898 | 20706.9355  | 74530.4531 | 16949.8711  | 11330.6611  |  29130.1973  | 0.0000 | 0.0000 |  37025.9141  |
+--------+------------+-------------+------------+-------------+-------------+--------------+--------+--------+--------------+
| 0.0000 | 9975.4531  | 224779.4688 | 19157.9883 | 32512.4961  | 32041.4355  |  37830.5664  | 0.0000 | 0.0000 |  61086.1875  |
+--------+------------+-------------+------------+-------------+-------------+--------------+--------+--------+--------------+
| 0.0000 | 14297.1094 |  6897.1719  | 34505.8711 |  8796.4600  | 109553.2891 |  54012.4258  | 0.0000 | 0.0000 |  83101.1250  |
+--------+------------+-------------+------------+-------------+-------------+--------------+--------+--------+--------------+
| 0.0000 | 2639.1562  | 48911.3203  | 11647.8682 | 378132.5625 | 43250.0391  |  31902.9844  | 0.0000 | 0.0000 | 209989.4688  |
+--------+------------+-------------+------------+-------------+-------------+--------------+--------+--------+--------------+
| 0.0000 | 12360.2119 | 19602.3789  | 28978.2480 | 29687.0312  | 874342.8125 |  79250.6016  | 0.0000 | 0.0000 | 298768.3125  |
+--------+------------+-------------+------------+-------------+-------------+--------------+--------+--------+--------------+
| 0.0000 | 25834.1348 | 25058.5723  | 30280.8164 | 14823.8076  | 29899.6270  | 1348417.0000 | 0.0000 | 0.0000 | 721290.9375  |
+--------+------------+-------------+------------+-------------+-------------+--------------+--------+--------+--------------+
| 0.0000 | 1963.9531  |  7605.5181  | 1868.6139  |  3811.4241  |  444.8973   |  1849.4620   | 0.0000 | 0.0000 |  2793.6541   |
+--------+------------+-------------+------------+-------------+-------------+--------------+--------+--------+--------------+
| 0.0000 | 2685.6875  | 11578.0088  | 1883.1719  |  926.4130   |  806.1227   |  2923.8259   | 0.0000 | 0.0000 |  2821.3325   |
+--------+------------+-------------+------------+-------------+-------------+--------------+--------+--------+--------------+
| 0.0000 | 47169.6602 | 87654.6172  | 53286.8828 | 112037.3516 | 69994.7969  | 585397.8125  | 0.0000 | 0.0000 | 5818893.5000 |
+--------+------------+-------------+------------+-------------+-------------+--------------+--------+--------+--------------+
s=2
+--------+------------+-------------+------------+-------------+-------------+--------------+--------+--------+--------------+
| 0.0000 | 4273.6069  |  9684.3418  | 25660.8320 |  6456.9443  | 105760.5391 |  20494.9492  | 0.0000 | 0.0000 |  91412.6016  |
+--------+------------+-------------+------------+-------------+-------------+--------------+--------+--------+--------------+
| 0.0000 | 37007.3672 | 30142.8926  | 59265.8555 | 26202.3223  | 20619.3887  |  24486.0781  | 0.0000 | 0.0000 |  32169.2188  |
+--------+------------+-------------+------------+-------------+-------------+--------------+--------+--------+--------------+
| 0.0000 | 10904.2881 | 242956.1719 | 14088.4424 | 40582.9766  | 42532.6602  |  19675.0332  | 0.0000 | 0.0000 |  46644.0312  |
+--------+------------+-------------+------------+-------------+-------------+--------------+--------+--------+--------------+
| 0.0000 | 14225.8213 |  7177.3462  | 50924.1875 | 15803.7812  | 120883.0469 |  36219.5312  | 0.0000 | 0.0000 |  65929.7344  |
+--------+------------+-------------+------------+-------------+-------------+--------------+--------+--------+--------------+
| 0.0000 | 2855.1072  | 60909.5742  | 18776.1055 | 456187.0625 | 57678.4961  |  30402.9844  | 0.0000 | 0.0000 |  99664.0703  |
+--------+------------+-------------+------------+-------------+-------------+--------------+--------+--------+--------------+
| 0.0000 | 14084.7256 | 33445.5820  | 74581.2266 | 38940.7578  | 814292.8750 |  97727.5781  | 0.0000 | 0.0000 | 269916.8125  |
+--------+------------+-------------+------------+-------------+-------------+--------------+--------+--------+--------------+
| 0.0000 | 17360.3398 | 20250.3906  | 23641.4082 | 13801.5986  | 33489.4102  | 1281267.0000 | 0.0000 | 0.0000 | 805794.6250  |
+--------+------------+-------------+------------+-------------+-------------+--------------+--------+--------+--------------+
| 0.0000 | 1710.2611  | 10399.0537  | 1245.4375  |  2670.4106  |  796.4219   |  1644.5670   | 0.0000 | 0.0000 |  1871.3705   |
+--------+------------+-------------+------------+-------------+-------------+--------------+--------+--------+--------------+
| 0.0000 | 2182.7388  |  9983.6357  | 1677.1584  |  2740.6450  |  2278.9041  |  1896.6608   | 0.0000 | 0.0000 |  2864.8191   |
+--------+------------+-------------+------------+-------------+-------------+--------------+--------+--------+--------------+
| 0.0000 | 44875.5078 | 80672.3750  | 44828.7227 | 128414.8359 | 72595.0000  | 656126.1250  | 0.0000 | 0.0000 | 5746922.5000 |
+--------+------------+-------------+------------+-------------+-------------+--------------+--------+--------+--------------+
s=m
+--------+------------+-------------+------------+-------------+-------------+--------------+--------+--------+--------------+
| 0.0000 | 2847.7747  |  8100.6069  | 10441.5693 |  7131.7319  | 119716.8750 |  17645.6289  | 0.0000 | 0.0000 |  97859.6172  |
+--------+------------+-------------+------------+-------------+-------------+--------------+--------+--------+--------------+
| 0.0000 | 44950.4297 | 18596.7773  | 70475.2266 |  6927.3525  |  8206.4082  |  32808.7344  | 0.0000 | 0.0000 |  47928.1953  |
+--------+------------+-------------+------------+-------------+-------------+--------------+--------+--------+--------------+
| 0.0000 | 9308.1611  | 245931.7188 | 11429.7324 | 39325.5977  |  8931.8057  |  34306.8203  | 0.0000 | 0.0000 |  68149.7891  |
+--------+------------+-------------+------------+-------------+-------------+--------------+--------+--------+--------------+
| 0.0000 | 16130.9443 |  5172.9844  | 40778.3477 |  9363.2793  | 88409.2500  |  54167.5547  | 0.0000 | 0.0000 |  97141.0781  |
+--------+------------+-------------+------------+-------------+-------------+--------------+--------+--------+--------------+
| 0.0000 | 1190.6451  | 42150.5000  | 8123.2856  | 437288.7188 | 28183.3945  |  27458.6152  | 0.0000 | 0.0000 | 182078.2188  |
+--------+------------+-------------+------------+-------------+-------------+--------------+--------+--------+--------------+
| 0.0000 | 12708.0332 | 21353.2598  | 37344.7266 | 18092.3594  | 885563.5000 |  60678.7852  | 0.0000 | 0.0000 | 307248.7500  |
+--------+------------+-------------+------------+-------------+-------------+--------------+--------+--------+--------------+
| 0.0000 | 22075.4785 | 15177.6475  | 21396.1934 | 20433.4434  | 19057.4121  | 1396231.0000 | 0.0000 | 0.0000 | 701233.6250  |
+--------+------------+-------------+------------+-------------+-------------+--------------+--------+--------+--------------+
| 0.0000 | 1708.1719  |  8402.2676  | 1343.6295  |  2547.1541  |  233.1808   |  1865.9420   | 0.0000 | 0.0000 |  4237.1763   |
+--------+------------+-------------+------------+-------------+-------------+--------------+--------+--------+--------------+
| 0.0000 | 2415.4778  | 11684.7725  | 1485.7924  |  812.1630   |  449.6339   |  2641.6228   | 0.0000 | 0.0000 |  4135.1006   |
+--------+------------+-------------+------------+-------------+-------------+--------------+--------+--------+--------------+
| 0.0000 | 43366.7461 | 69970.7891  | 41224.5352 | 127777.5859 | 66864.0547  | 472540.9688  | 0.0000 | 0.0000 | 5952690.5000 |
+--------+------------+-------------+------------+-------------+-------------+--------------+--------+--------+--------------+